0.767591
-334990
-333614
-332237
-330859
-329480
-328102
-326722
-325342
-323961
-322580
-321198
-319816
-318432
-317048
-315664
-314279
-312894
-311507
-310121
-308733
-307346
-305957
-304568
-303178
-301788
-300396
-299005
-297612
-296219
-294826
-293431
-292037
-290642
-289245
-287849
-286451
-285053
-283655
-282255
-280855
-279455
-278053
-276651
-275249
-273845
-272441
-271037
-269631
-268225
-266819
-265411
-264003
-262595
-261185
-259775
-258364
-256953
-255541
-254128
-252715
-251300
-249886
-248470
-247054
-245637
-244220
-242801
-241382
-239962
-238542
-237120
-235698
-234276
-232852
-231429
-230004
-228578
-227151
-225725
-224297
-222868
-221439
-220009
-218578
-217146
-215714
-214281
-212847
-211412
-209977
-208541
-207104
-205667
-204228
-202789
-201349
-199908
-198467
-197024
-195581
-194137
-192693
-191247
-189800
-188354
-186906
-185457
-184007
-182556
-181105
-179653
-178200
-176746
-175292
-173836
-172380
-170923
-169464
-168006
-166546
-165085
-163624
-162162
-160699
-159235
-157770
-156304
-154838
-153370
-151902
-150433
-148962
-147491
-146019
-144546
-143072
-141598
-140121
-138645
-137168
-135690
-134211
-132730
-131249
-129767
-128284
-126800
-125316
-123829
-122342
-120854
-119366
-117876
-116386
-114894
-113401
-111907
-110412
-108917
-107420
-105923
-104425
-102925
-101424
-99922
-98419
-96916
-95412
-93906
-92400
-90892
-89383
-87873
-86362
-84849
-83336
-81822
-80308
-78792
-77275
-75756
-74237
-72717
-71195
-69672
-68148
-66623
-65096
-63568
-62040
-60511
-58981
-57450
-55917
-54383
-52849
-51313
-49775
-48237
-46697
-45157
-43615
-42071
-40527
-38981
-37434
-35886
-34337
-32786
-31235
-29682
-28128
-26572
-25015
-23457
-21898
-20338
-18776
-17213
-15649
-14084
-12517
-10950
-9380
-7810
-6239
-4666
-3092
-1516
59
1639
3219
4801
6384
7968
9554
11140
12729
14318
15909
17501
19094
20688
22286
23884
25484
27085
28687
30291
31896
33502
35110
36720
38331
39944
41558
43174
44791
46409
48028
49651
51274
52899
54525
56153
57782
59413
61046
62681
64316
65953
67592
69230
70867
72503
74137
75770
77402
79032
80661
82288
83916
85542
87167
88790
90413
92033
93653
95271
96888
98505
100120
101735
103347
104959
106569
108178
109786
111392
112998
114603
116207
117809
119410
121010
122608
124206
125801
127397
128992
130585
132177
133768
135357
136945
138532
140118
141703
143287
144870
146452
148033
149612
151190
152766
154342
155917
157491
159064
160636
162206
163775
165343
166910
168475
170040
171604
173167
174729
176289
177848
179406
180963
182518
184074
185628
187181
188733
190283
191833
193381
194928
196473
198019
199563
201107
202649
204189
205729
207267
208805
210341
211877
213411
214945
216477
218009
219539
221067
222595
224122
225648
227173
228697
230220
231742
233263
234782
236300
237817
239333
240849
242364
243877
245390
246901
248411
249920
251427
252934
254441
255946
257450
258953
260455
261956
263456
264954
266452
267949
269446
270941
272435
273927
275419
276910
278399
279888
281376
282863
284349
285834
287318
288801
290282
291763
293242
294721
296200
297677
299153
300628
302102
303574
305046
306517
307987
309456
310925
312392
313858
315323
316787
318250
319712
321173
322634
324094
325552
327010
328466
329921
331376
332829
334282
335734
337185
338635
340084
341531
342978
344424
345868
347313
348756
350199
351640
353081
354520
355958
357395
358832
360268
361703
363137
364570
366002
367433
368863
370291
371719
373147
374574
376000
377424
378848
380271
381692
383113
384532
385951
387369
388787
390203
391619
393033
394447
395859
397270
398681
400091
401501
402909
404316
405723
407128
408532
409936
411338
412740
414142
415542
416941
418340
419737
421133
422529
423923
425318
426711
428103
429495
430885
432275
433663
435051
436437
437824
439209
440594
441977
443360
444742
446122
447502
448881
450260
451637
453014
454390
455765
457139
458512
459884
461255
462626
463996
465365
466733
468101
469467
470832
472197
473560
474923
476286
477647
479008
480368
481726
483084
484441
485797
487153
488508
489862
491215
492567
493918
495269
496618
497967
499315
500663
502009
503355
504700
506044
507387
508729
510070
511411
512751
514090
515429
516766
518103
519438
520773
522107
523440
524773
526105
527436
528766
530096
531424
532752
534078
535404
536730
538055
539379
540702
542024
543345
544666
545985
547304
548622
549940
551257
552573
553888
555202
556516
557828
559140
560451
561762
563072
564381
565689
566996
568303
569608
570913
572218
573521
574824
576126
577427
578728
580027
581326
582624
583921
585218
586514
587809
589104
590397
591690
592982
594273
595564
596854
598143
599431
600719
602005
603291
604576
605861
607145
608428
609711
610992
612273
613553
614832
616111
617388
618666
619942
621218
622493
623767
625041
626313
627585
628856
630127
631397
632666
633934
635202
636469
637735
639000
640264
641529
642792
644055
645317
646578
647839
649098
650357
651615
652872
654129
655385
656640
657895
659149
660402
661654
662906
664157
665407
666657
667906
669155
670402
671649
672895
674140
675384
676629
677872
679115
680357
681598
682839
684078
685317
686555
687793
689031
690267
691503
692738
693972
695205
696438
697670
698902
700133
701363
702593
703822
705050
706277
707503
708729
709955
711180
712404
713628
714850
716072
717293
718514
719733
720953
722172
723390
724607
725824
727040
728255
729469
730683
731897
733110
734322
735533
736744
737954
739163
740371
741579
742786
743993
745200
746405
747610
748814
750017
751219
752421
753623
754824
756024
757224
758423
759621
760818
762015
763211
764407
765602
766796
767990
769183
770375
771567
772758
773948
775137
776327
777515
778703
779890
781077
782263
783448
784632
785816
787000
788183
789365
790546
791727
792907
794087
795265
796443
797621
798799
799975
801151
802326
803501
804675
805848
807020
808192
809364
810535
811705
812875
814044
815212
816380
817546
818713
819879
821045
822209
823374
824537
825700
826862
828023
829184
830345
831505
832664
833823
834980
836138
837294
838450
839606
840761
841915
843069
844222
845375
846527
847678
848828
849979
851128
852277
853426
854574
855721
856867
858013
859158
860303
861447
862591
863734
864876
866018
867159
868300
869439
870579
871718
872857
873995
875132
876268
877404
878539
879674
880808
881942
883075
884208
885339
886471
887601
888731
889861
890989
892118
893246
894373
895500
896626
897751
898876
900000
901124
902247
903370
904492
905614
906735
907855
908974
910093
911212
912330
913448
914565
915681
916797
917912
919027
920141
921254
922368
923480
924592
925704
926815
927925
929034
930143
931251
932360
933467
934574
935681
936786
937892
938996
940100
941203
942307
943409
944511
945613
946714
947814
948913
950012
951111
952209
953307
954404
955501
956597
957692
958787
959881
960974
962068
963160
964253
965344
966435
967526
968616
969705
970794
971882
972970
974058
975145
976231
977316
978402
979486
980570
981654
982737
983819
984902
985983
987064
988144
989224
990303
991382
992460
993538
994616
995692
996768
997844
998919
999993
1001067
1002141
1003214
1004287
1005359
1006430
1007501
1008571
1009641
1010710
1011779
1012848
1013916
1014983
1016050
1017116
1018182
1019247
1020311
1021376
1022439
1023503
1024566
1025628
1026689
1027750
1028811
1029871
1030931
1031990
1033049
1034107
1035164
1036221
1037278
1038334
1039389
1040444
1041499
1042553
1043607
1044660
1045713
1046764
1047816
1048867
1049918
1050968
1052018
1053067
1054115
1055163
1056211
1057258
1058304
1059350
1060396
1061441
1062486
1063530
1064574
1065617
1066659
1067701
1068743
1069784
1070825
1071865
1072905
1073944
1074983
1076021
1077058
1078096
1079133
1080169
1081205
1082241
1083275
1084310
1085343
1086376
1087410
1088442
1089474
1090506
1091537
1092567
1093597
1094627
1095655
1096684
1097713
1098740
1099768
1100794
1101820
1102846
1103871
1104896
